1,1,1,2,3,4,5,6,7,8,9,10,11,12,1,1,1,1,1,1,1,1,1,1,1,1,1,2,3,4,5,6,7,8,9,10,11,12,0,0,0,0,0,0,0,0,0,0,0,0,45,1,1,0
2,1,1,2,3,4,5,6,7,8,9,10,11,12,1,1,1,1,1,1,1,1,1,1,1,1,1,2,3,4,5,6,7,8,9,10,11,12,1,1,1,1,1,1,1,1,1,1,1,1,15,1,1,0
1,1,1,2,3,4,5,6,7,8,9,10,11,12,1,1,1,1,1,1,1,1,1,1,1,1,1,2,3,4,5,6,7,8,9,10,11,12,2,2,2,2,2,2,2,2,2,2,2,2,105,1,1,0
2,1,1,2,3,4,5,6,7,8,9,10,11,12,1,1,1,1,1,1,1,1,1,1,1,1,1,2,3,4,5,6,7,8,9,10,11,12,3,3,3,3,3,3,3,3,3,3,3,3,15,1,1,0
1,1,1,2,3,4,5,6,7,8,9,10,11,12,1,1,1,1,1,1,1,1,1,1,1,1,1,2,3,4,5,6,7,8,9,10,11,12,0,0,0,0,0,0,0,0,0,0,0,0,165,1,2,0
2,1,1,2,3,4,5,6,7,8,9,10,11,12,1,1,1,1,1,1,1,1,1,1,1,1,1,2,3,4,5,6,7,8,9,10,11,12,1,1,1,1,1,1,1,1,1,1,1,1,15,1,2,0
3,1,1,2,3,4,5,6,7,8,9,10,11,12,1,1,1,1,1,1,1,1,1,1,1,1,1,2,3,4,5,6,7,8,9,10,11,12,0,0,0,0,0,0,0,0,0,0,0,0,-10,1,7,0
4,1,1,2,3,4,5,6,7,8,9,10,11,12,1,1,1,1,1,1,1,1,1,1,1,1,1,2,3,4,5,6,7,8,9,10,11,12,1,1,1,1,1,1,1,1,1,1,1,1,15,1,7,0
5,1,1,2,3,4,5,6,7,8,9,10,11,12,1,1,1,1,1,1,1,1,1,1,1,1,1,2,3,4,5,6,7,8,9,10,11,12,2,2,2,2,2,2,2,2,2,2,2,2,15,1,7,0
3,1,1,2,3,4,5,6,7,8,9,10,11,12,1,1,1,1,1,1,1,1,1,1,1,1,1,2,3,4,5,6,7,8,9,10,11,12,3,3,3,3,3,3,3,3,3,3,3,3,90,1,7,0
4,1,1,2,3,4,5,6,7,8,9,10,11,12,1,1,1,1,1,1,1,1,1,1,1,1,1,2,3,4,5,6,7,8,9,10,11,12,0,0,0,0,0,0,0,0,0,0,0,0,15,1,8,0
5,1,1,2,3,4,5,6,7,8,9,10,11,12,1,1,1,1,1,1,1,1,1,1,1,1,1,2,3,4,5,6,7,8,9,10,11,12,1,1,1,1,1,1,1,1,1,1,1,1,15,1,8,0
3,1,1,2,3,4,5,6,7,8,9,10,11,12,1,1,1,1,1,1,1,1,1,1,1,1,1,2,3,4,5,6,7,8,9,10,11,12,2,2,2,2,2,2,2,2,2,2,2,2,150,1,8,0
4,1,1,2,3,4,5,6,7,8,9,10,11,12,1,1,1,1,1,1,1,1,1,1,1,1,1,2,3,4,5,6,7,8,9,10,11,12,3,3,3,3,3,3,3,3,3,3,3,3,15,1,8,0
5,1,1,2,3,4,5,6,7,8,9,10,11,12,1,1,1,1,1,1,1,1,1,1,1,1,1,2,3,4,5,6,7,8,9,10,11,12,0,0,0,0,0,0,0,0,0,0,0,0,15,1,9,0
1,1,1,2,3,4,5,6,7,8,9,10,11,12,1,1,1,1,1,1,1,1,1,1,1,1,1,2,3,4,5,6,7,8,9,10,11,12,2,2,2,2,2,2,2,2,2,2,2,2,25,1,2,0
2,1,1,2,3,4,5,6,7,8,9,10,11,12,1,1,1,1,1,1,1,1,1,1,1,1,1,2,3,4,5,6,7,8,9,10,11,12,3,3,3,3,3,3,3,3,3,3,3,3,15,1,2,0
3,1,1,2,3,4,5,6,7,8,9,10,11,12,1,1,1,1,1,1,1,1,1,1,1,1,1,2,3,4,5,6,7,8,9,10,11,12,1,1,1,1,1,1,1,1,1,1,1,1,290,1,9,0
4,1,1,2,3,4,5,6,7,8,9,10,11,12,1,1,1,1,1,1,1,1,1,1,1,1,1,2,3,4,5,6,7,8,9,10,11,12,2,2,2,2,2,2,2,2,2,2,2,2,15,1,9,0
5,1,1,2,3,4,5,6,7,8,9,10,11,12,1,1,1,1,1,1,1,1,1,1,1,1,1,2,3,4,5,6,7,8,9,10,11,12,3,3,3,3,3,3,3,3,3,3,3,3,15,1,9,0
1,1,1,2,3,4,5,6,7,8,9,10,11,12,1,1,1,1,1,1,1,1,1,1,1,1,1,2,3,4,5,6,7,8,9,10,11,12,0,0,0,0,0,0,0,0,0,0,0,0,25,1,3,0
2,1,1,2,3,4,5,6,7,8,9,10,11,12,1,1,1,1,1,1,1,1,1,1,1,1,1,2,3,4,5,6,7,8,9,10,11,12,1,1,1,1,1,1,1,1,1,1,1,1,15,1,3,0
3,1,1,2,3,4,5,6,7,8,9,10,11,12,1,1,1,1,1,1,1,1,1,1,1,1,1,2,3,4,5,6,7,8,9,10,11,12,0,0,0,0,0,0,0,0,0,0,0,0,290,1,10,0
4,1,1,2,3,4,5,6,7,8,9,10,11,12,1,1,1,1,1,1,1,1,1,1,1,1,1,2,3,4,5,6,7,8,9,10,11,12,1,1,1,1,1,1,1,1,1,1,1,1,15,1,10,0
5,1,1,2,3,4,5,6,7,8,9,10,11,12,1,1,1,1,1,1,1,1,1,1,1,1,1,2,3,4,5,6,7,8,9,10,11,12,2,2,2,2,2,2,2,2,2,2,2,2,15,1,10,0
1,1,1,2,3,4,5,6,7,8,9,10,11,12,1,1,1,1,1,1,1,1,1,1,1,1,1,2,3,4,5,6,7,8,9,10,11,12,2,2,2,2,2,2,2,2,2,2,2,2,25,1,3,0
2,1,1,2,3,4,5,6,7,8,9,10,11,12,1,1,1,1,1,1,1,1,1,1,1,1,1,2,3,4,5,6,7,8,9,10,11,12,3,3,3,3,3,3,3,3,3,3,3,3,15,1,3,0
3,1,1,2,3,4,5,6,7,8,9,10,11,12,1,1,1,1,1,1,1,1,1,1,1,1,1,2,3,4,5,6,7,8,9,10,11,12,3,3,3,3,3,3,3,3,3,3,3,3,290,1,10,0
4,1,1,2,3,4,5,6,7,8,9,10,11,12,1,1,1,1,1,1,1,1,1,1,1,1,1,2,3,4,5,6,7,8,9,10,11,12,0,0,0,0,0,0,0,0,0,0,0,0,15,1,11,0
5,1,1,2,3,4,5,6,7,8,9,10,11,12,1,1,1,1,1,1,1,1,1,1,1,1,1,2,3,4,5,6,7,8,9,10,11,12,1,1,1,1,1,1,1,1,1,1,1,1,15,1,11,0
1,1,1,2,3,4,5,6,7,8,9,10,11,12,1,1,1,1,1,1,1,1,1,1,1,1,1,2,3,4,5,6,7,8,9,10,11,12,0,0,0,0,0,0,0,0,0,0,0,0,25,1,4,0
2,1,1,2,3,4,5,6,7,8,9,10,11,12,1,1,1,1,1,1,1,1,1,1,1,1,1,2,3,4,5,6,7,8,9,10,11,12,1,1,1,1,1,1,1,1,1,1,1,1,15,1,4,0
3,1,1,2,3,4,5,6,7,8,9,10,11,12,1,1,1,1,1,1,1,1,1,1,1,1,1,2,3,4,5,6,7,8,9,10,11,12,2,2,2,2,2,2,2,2,2,2,2,2,290,1,11,0
4,1,1,2,3,4,5,6,7,8,9,10,11,12,1,1,1,1,1,1,1,1,1,1,1,1,1,2,3,4,5,6,7,8,9,10,11,12,3,3,3,3,3,3,3,3,3,3,3,3,15,1,11,0
5,1,1,2,3,4,5,6,7,8,9,10,11,12,1,1,1,1,1,1,1,1,1,1,1,1,1,2,3,4,5,6,7,8,9,10,11,12,0,0,0,0,0,0,0,0,0,0,0,0,15,1,12,0
1,1,1,2,3,4,5,6,7,8,9,10,11,12,1,1,1,1,1,1,1,1,1,1,1,1,1,2,3,4,5,6,7,8,9,10,11,12,2,2,2,2,2,2,2,2,2,2,2,2,25,1,4,0
2,1,1,2,3,4,5,6,7,8,9,10,11,12,1,1,1,1,1,1,1,1,1,1,1,1,1,2,3,4,5,6,7,8,9,10,11,12,3,3,3,3,3,3,3,3,3,3,3,3,15,1,4,0
3,1,1,2,3,4,5,6,7,8,9,10,11,12,1,1,1,1,1,1,1,1,1,1,1,1,1,2,3,4,5,6,7,8,9,10,11,12,1,1,1,1,1,1,1,1,1,1,1,1,290,1,12,0
4,1,1,2,3,4,5,6,7,8,9,10,11,12,1,1,1,1,1,1,1,1,1,1,1,1,1,2,3,4,5,6,7,8,9,10,11,12,2,2,2,2,2,2,2,2,2,2,2,2,15,1,12,0
5,1,1,2,3,4,5,6,7,8,9,10,11,12,1,1,1,1,1,1,1,1,1,1,1,1,1,2,3,4,5,6,7,8,9,10,11,12,3,3,3,3,3,3,3,3,3,3,3,3,15,1,12,0
1,1,1,2,3,4,5,6,7,8,9,10,11,12,1,1,1,1,1,1,1,1,1,1,1,1,1,2,3,4,5,6,7,8,9,10,11,12,0,0,0,0,0,0,0,0,0,0,0,0,25,1,5,0
2,1,1,2,3,4,5,6,7,8,9,10,11,12,1,1,1,1,1,1,1,1,1,1,1,1,1,2,3,4,5,6,7,8,9,10,11,12,1,1,1,1,1,1,1,1,1,1,1,1,15,1,5,0
3,1,1,2,3,4,5,6,7,8,9,10,11,12,1,1,1,1,1,1,1,1,1,1,1,1,1,2,3,4,5,6,7,8,9,10,11,12,0,0,0,0,0,0,0,0,0,0,0,0,290,1,13,0
4,1,1,2,3,4,5,6,7,8,9,10,11,12,1,1,1,1,1,1,1,1,1,1,1,1,1,2,3,4,5,6,7,8,9,10,11,12,1,1,1,1,1,1,1,1,1,1,1,1,15,1,13,0
5,1,1,2,3,4,5,6,7,8,9,10,11,12,1,1,1,1,1,1,1,1,1,1,1,1,1,2,3,4,5,6,7,8,9,10,11,12,2,2,2,2,2,2,2,2,2,2,2,2,15,1,13,0
1,1,1,2,3,4,5,6,7,8,9,10,11,12,1,1,1,1,1,1,1,1,1,1,1,1,1,2,3,4,5,6,7,8,9,10,11,12,2,2,2,2,2,2,2,2,2,2,2,2,25,1,5,0
2,1,1,2,3,4,5,6,7,8,9,10,11,12,1,1,1,1,1,1,1,1,1,1,1,1,1,2,3,4,5,6,7,8,9,10,11,12,3,3,3,3,3,3,3,3,3,3,3,3,15,1,5,0
3,1,1,2,3,4,5,6,7,8,9,10,11,12,1,1,1,1,1,1,1,1,1,1,1,1,1,2,3,4,5,6,7,8,9,10,11,12,3,3,3,3,3,3,3,3,3,3,3,3,290,1,13,0
4,1,1,2,3,4,5,6,7,8,9,10,11,12,1,1,1,1,1,1,1,1,1,1,1,1,1,2,3,4,5,6,7,8,9,10,11,12,0,0,0,0,0,0,0,0,0,0,0,0,15,1,14,0
5,1,1,2,3,4,5,6,7,8,9,10,11,12,1,1,1,1,1,1,1,1,1,1,1,1,1,2,3,4,5,6,7,8,9,10,11,12,1,1,1,1,1,1,1,1,1,1,1,1,15,1,14,0
1,1,1,2,3,4,5,6,7,8,9,10,11,12,1,1,1,1,1,1,1,1,1,1,1,1,1,2,3,4,5,6,7,8,9,10,11,12,0,0,0,0,0,0,0,0,0,0,0,0,385,1,6,0
2,1,1,2,3,4,5,6,7,8,9,10,11,12,1,1,1,1,1,1,1,1,1,1,1,1,1,2,3,4,5,6,7,8,9,10,11,12,1,1,1,1,1,1,1,1,1,1,1,1,15,1,6,0
3,1,1,2,3,4,5,6,7,8,9,10,11,12,1,1,1,1,1,1,1,1,1,1,1,1,1,2,3,4,5,6,7,8,9,10,11,12,2,2,2,2,2,2,2,2,2,2,2,2,290,1,14,0
4,1,1,2,3,4,5,6,7,8,9,10,11,12,1,1,1,1,1,1,1,1,1,1,1,1,1,2,3,4,5,6,7,8,9,10,11,12,3,3,3,3,3,3,3,3,3,3,3,3,15,1,14,0
5,1,1,2,3,4,5,6,7,8,9,10,11,12,1,1,1,1,1,1,1,1,1,1,1,1,1,2,3,4,5,6,7,8,9,10,11,12,0,0,0,0,0,0,0,0,0,0,0,0,15,1,15,0
1,1,1,2,3,4,5,6,7,8,9,10,11,12,1,1,1,1,1,1,1,1,1,1,1,1,1,2,3,4,5,6,7,8,9,10,11,12,2,2,2,2,2,2,2,2,2,2,2,2,385,1,6,0
2,1,1,2,3,4,5,6,7,8,9,10,11,12,1,1,1,1,1,1,1,1,1,1,1,1,1,2,3,4,5,6,7,8,9,10,11,12,3,3,3,3,3,3,3,3,3,3,3,3,15,1,6,0
3,1,1,2,3,4,5,6,7,8,9,10,11,12,1,1,1,1,1,1,1,1,1,1,1,1,1,2,3,4,5,6,7,8,9,10,11,12,1,1,1,1,1,1,1,1,1,1,1,1,290,1,15,0
4,1,1,2,3,4,5,6,7,8,9,10,11,12,1,1,1,1,1,1,1,1,1,1,1,1,1,2,3,4,5,6,7,8,9,10,11,12,2,2,2,2,2,2,2,2,2,2,2,2,15,1,15,0
5,1,1,2,3,4,5,6,7,8,9,10,11,12,1,1,1,1,1,1,1,1,1,1,1,1,1,2,3,4,5,6,7,8,9,10,11,12,3,3,3,3,3,3,3,3,3,3,3,3,15,1,15,0
